[[5 5 5 5 5]
 [5 1 2 0 5]
 [5 0 0 0 5]
 [5 0 0 0 5]
 [5 5 5 5 5]]
[[5 5 5 5 5]
 [5 1 0 2 5]
 [5 0 0 0 5]
 [5 0 0 0 5]
 [5 5 5 5 5]]
[[5 5 5 5 5]
 [5 1 0 0 5]
 [5 2 0 0 5]
 [5 0 0 0 5]
 [5 5 5 5 5]]
[[5 5 5 5 5]
 [5 1 0 0 5]
 [5 0 2 0 5]
 [5 0 0 0 5]
 [5 5 5 5 5]]
[[5 5 5 5 5]
 [5 1 0 0 5]
 [5 0 0 2 5]
 [5 0 0 0 5]
 [5 5 5 5 5]]
[[5 5 5 5 5]
 [5 1 0 0 5]
 [5 0 0 0 5]
 [5 2 0 0 5]
 [5 5 5 5 5]]
[[5 5 5 5 5]
 [5 1 0 0 5]
 [5 0 0 0 5]
 [5 0 2 0 5]
 [5 5 5 5 5]]
[[5 5 5 5 5]
 [5 1 0 0 5]
 [5 0 0 0 5]
 [5 0 0 2 5]
 [5 5 5 5 5]]
[[5 5 5 5 5]
 [5 3 1 0 5]
 [5 0 0 0 5]
 [5 0 0 0 5]
 [5 5 5 5 5]]
[[5 5 5 5 5]
 [5 4 1 2 5]
 [5 0 0 0 5]
 [5 0 0 0 5]
 [5 5 5 5 5]]
[[5 5 5 5 5]
 [5 4 1 0 5]
 [5 2 0 0 5]
 [5 0 0 0 5]
 [5 5 5 5 5]]
[[5 5 5 5 5]
 [5 4 1 0 5]
 [5 0 2 0 5]
 [5 0 0 0 5]
 [5 5 5 5 5]]
[[5 5 5 5 5]
 [5 4 1 0 5]
 [5 0 0 2 5]
 [5 0 0 0 5]
 [5 5 5 5 5]]
[[5 5 5 5 5]
 [5 4 1 0 5]
 [5 0 0 0 5]
 [5 2 0 0 5]
 [5 5 5 5 5]]
[[5 5 5 5 5]
 [5 4 1 0 5]
 [5 0 0 0 5]
 [5 0 2 0 5]
 [5 5 5 5 5]]
[[5 5 5 5 5]
 [5 4 1 0 5]
 [5 0 0 0 5]
 [5 0 0 2 5]
 [5 5 5 5 5]]
[[5 5 5 5 5]
 [5 3 0 1 5]
 [5 0 0 0 5]
 [5 0 0 0 5]
 [5 5 5 5 5]]
[[5 5 5 5 5]
 [5 4 2 1 5]
 [5 0 0 0 5]
 [5 0 0 0 5]
 [5 5 5 5 5]]
[[5 5 5 5 5]
 [5 4 0 1 5]
 [5 2 0 0 5]
 [5 0 0 0 5]
 [5 5 5 5 5]]
[[5 5 5 5 5]
 [5 4 0 1 5]
 [5 0 2 0 5]
 [5 0 0 0 5]
 [5 5 5 5 5]]
[[5 5 5 5 5]
 [5 4 0 1 5]
 [5 0 0 2 5]
 [5 0 0 0 5]
 [5 5 5 5 5]]
[[5 5 5 5 5]
 [5 4 0 1 5]
 [5 0 0 0 5]
 [5 2 0 0 5]
 [5 5 5 5 5]]
[[5 5 5 5 5]
 [5 4 0 1 5]
 [5 0 0 0 5]
 [5 0 2 0 5]
 [5 5 5 5 5]]
[[5 5 5 5 5]
 [5 4 0 1 5]
 [5 0 0 0 5]
 [5 0 0 2 5]
 [5 5 5 5 5]]
[[5 5 5 5 5]
 [5 3 0 0 5]
 [5 1 0 0 5]
 [5 0 0 0 5]
 [5 5 5 5 5]]
[[5 5 5 5 5]
 [5 4 2 0 5]
 [5 1 0 0 5]
 [5 0 0 0 5]
 [5 5 5 5 5]]
[[5 5 5 5 5]
 [5 4 0 2 5]
 [5 1 0 0 5]
 [5 0 0 0 5]
 [5 5 5 5 5]]
[[5 5 5 5 5]
 [5 4 0 0 5]
 [5 1 2 0 5]
 [5 0 0 0 5]
 [5 5 5 5 5]]
[[5 5 5 5 5]
 [5 4 0 0 5]
 [5 1 0 2 5]
 [5 0 0 0 5]
 [5 5 5 5 5]]
[[5 5 5 5 5]
 [5 4 0 0 5]
 [5 1 0 0 5]
 [5 2 0 0 5]
 [5 5 5 5 5]]
[[5 5 5 5 5]
 [5 4 0 0 5]
 [5 1 0 0 5]
 [5 0 2 0 5]
 [5 5 5 5 5]]
[[5 5 5 5 5]
 [5 4 0 0 5]
 [5 1 0 0 5]
 [5 0 0 2 5]
 [5 5 5 5 5]]
[[5 5 5 5 5]
 [5 3 0 0 5]
 [5 0 1 0 5]
 [5 0 0 0 5]
 [5 5 5 5 5]]
[[5 5 5 5 5]
 [5 4 2 0 5]
 [5 0 1 0 5]
 [5 0 0 0 5]
 [5 5 5 5 5]]
[[5 5 5 5 5]
 [5 4 0 2 5]
 [5 0 1 0 5]
 [5 0 0 0 5]
 [5 5 5 5 5]]
[[5 5 5 5 5]
 [5 4 0 0 5]
 [5 2 1 0 5]
 [5 0 0 0 5]
 [5 5 5 5 5]]
[[5 5 5 5 5]
 [5 4 0 0 5]
 [5 0 1 2 5]
 [5 0 0 0 5]
 [5 5 5 5 5]]
[[5 5 5 5 5]
 [5 4 0 0 5]
 [5 0 1 0 5]
 [5 2 0 0 5]
 [5 5 5 5 5]]
[[5 5 5 5 5]
 [5 4 0 0 5]
 [5 0 1 0 5]
 [5 0 2 0 5]
 [5 5 5 5 5]]
[[5 5 5 5 5]
 [5 4 0 0 5]
 [5 0 1 0 5]
 [5 0 0 2 5]
 [5 5 5 5 5]]
[[5 5 5 5 5]
 [5 3 0 0 5]
 [5 0 0 1 5]
 [5 0 0 0 5]
 [5 5 5 5 5]]
[[5 5 5 5 5]
 [5 4 2 0 5]
 [5 0 0 1 5]
 [5 0 0 0 5]
 [5 5 5 5 5]]
[[5 5 5 5 5]
 [5 4 0 2 5]
 [5 0 0 1 5]
 [5 0 0 0 5]
 [5 5 5 5 5]]
[[5 5 5 5 5]
 [5 4 0 0 5]
 [5 2 0 1 5]
 [5 0 0 0 5]
 [5 5 5 5 5]]
[[5 5 5 5 5]
 [5 4 0 0 5]
 [5 0 2 1 5]
 [5 0 0 0 5]
 [5 5 5 5 5]]
[[5 5 5 5 5]
 [5 4 0 0 5]
 [5 0 0 1 5]
 [5 2 0 0 5]
 [5 5 5 5 5]]
[[5 5 5 5 5]
 [5 4 0 0 5]
 [5 0 0 1 5]
 [5 0 2 0 5]
 [5 5 5 5 5]]
[[5 5 5 5 5]
 [5 4 0 0 5]
 [5 0 0 1 5]
 [5 0 0 2 5]
 [5 5 5 5 5]]
[[5 5 5 5 5]
 [5 3 0 0 5]
 [5 0 0 0 5]
 [5 1 0 0 5]
 [5 5 5 5 5]]
[[5 5 5 5 5]
 [5 4 2 0 5]
 [5 0 0 0 5]
 [5 1 0 0 5]
 [5 5 5 5 5]]
[[5 5 5 5 5]
 [5 4 0 2 5]
 [5 0 0 0 5]
 [5 1 0 0 5]
 [5 5 5 5 5]]
[[5 5 5 5 5]
 [5 4 0 0 5]
 [5 2 0 0 5]
 [5 1 0 0 5]
 [5 5 5 5 5]]
[[5 5 5 5 5]
 [5 4 0 0 5]
 [5 0 2 0 5]
 [5 1 0 0 5]
 [5 5 5 5 5]]
[[5 5 5 5 5]
 [5 4 0 0 5]
 [5 0 0 2 5]
 [5 1 0 0 5]
 [5 5 5 5 5]]
[[5 5 5 5 5]
 [5 4 0 0 5]
 [5 0 0 0 5]
 [5 1 2 0 5]
 [5 5 5 5 5]]
[[5 5 5 5 5]
 [5 4 0 0 5]
 [5 0 0 0 5]
 [5 1 0 2 5]
 [5 5 5 5 5]]
[[5 5 5 5 5]
 [5 3 0 0 5]
 [5 0 0 0 5]
 [5 0 1 0 5]
 [5 5 5 5 5]]
[[5 5 5 5 5]
 [5 4 2 0 5]
 [5 0 0 0 5]
 [5 0 1 0 5]
 [5 5 5 5 5]]
[[5 5 5 5 5]
 [5 4 0 2 5]
 [5 0 0 0 5]
 [5 0 1 0 5]
 [5 5 5 5 5]]
[[5 5 5 5 5]
 [5 4 0 0 5]
 [5 2 0 0 5]
 [5 0 1 0 5]
 [5 5 5 5 5]]
[[5 5 5 5 5]
 [5 4 0 0 5]
 [5 0 2 0 5]
 [5 0 1 0 5]
 [5 5 5 5 5]]
[[5 5 5 5 5]
 [5 4 0 0 5]
 [5 0 0 2 5]
 [5 0 1 0 5]
 [5 5 5 5 5]]
[[5 5 5 5 5]
 [5 4 0 0 5]
 [5 0 0 0 5]
 [5 2 1 0 5]
 [5 5 5 5 5]]
[[5 5 5 5 5]
 [5 4 0 0 5]
 [5 0 0 0 5]
 [5 0 1 2 5]
 [5 5 5 5 5]]
[[5 5 5 5 5]
 [5 3 0 0 5]
 [5 0 0 0 5]
 [5 0 0 1 5]
 [5 5 5 5 5]]
[[5 5 5 5 5]
 [5 4 2 0 5]
 [5 0 0 0 5]
 [5 0 0 1 5]
 [5 5 5 5 5]]
[[5 5 5 5 5]
 [5 4 0 2 5]
 [5 0 0 0 5]
 [5 0 0 1 5]
 [5 5 5 5 5]]
[[5 5 5 5 5]
 [5 4 0 0 5]
 [5 2 0 0 5]
 [5 0 0 1 5]
 [5 5 5 5 5]]
[[5 5 5 5 5]
 [5 4 0 0 5]
 [5 0 2 0 5]
 [5 0 0 1 5]
 [5 5 5 5 5]]
[[5 5 5 5 5]
 [5 4 0 0 5]
 [5 0 0 2 5]
 [5 0 0 1 5]
 [5 5 5 5 5]]
[[5 5 5 5 5]
 [5 4 0 0 5]
 [5 0 0 0 5]
 [5 2 0 1 5]
 [5 5 5 5 5]]
[[5 5 5 5 5]
 [5 4 0 0 5]
 [5 0 0 0 5]
 [5 0 2 1 5]
 [5 5 5 5 5]]
